Blade section properties
50	n_secs:	number of blade or tower sections at which properties are specified (-)

sec_loc	str_tw	tw_iner	mass_den	flp_iner	edge_iner	flp_stff	edge_stff	tor_stff	axial_stff	cg_offst	sc_offst	tc_offst
(-)	(deg)	(deg)	(kg/m)		(kg-m)		(kg-m)		(Nm^2)		(Nm^2)		(Nm^2)		(N)		(m)		(m)		(m)
0.00000	 15.595	 15.595	3189.15		    0.10	    0.10	1.53E+11	1.52E+11	9.00E+13	9.00E+11	0.00E+00	0.00E+00	0.00E+00
0.02041	 15.588	 15.588	2848.49		    0.10	    0.10	1.39E+11	1.38E+11	9.00E+13	9.00E+11	0.00E+00	0.00E+00	0.00E+00
0.04082	 15.411	 15.411	2506.32		    0.10	    0.10	1.22E+11	1.23E+11	9.00E+13	9.00E+11	0.00E+00	0.00E+00	0.00E+00
0.06122	 14.949	 14.949	2126.33		    0.10	    0.10	9.72E+10	1.03E+11	9.00E+13	9.00E+11	0.00E+00	0.00E+00	0.00E+00
0.08163	 14.258	 14.258	1774.27		    0.10	    0.10	7.47E+10	8.42E+10	9.00E+13	9.00E+11	0.00E+00	0.00E+00	0.00E+00
0.10204	 13.397	 13.397	1675.42		    0.10	    0.10	5.67E+10	7.50E+10	9.00E+13	9.00E+11	0.00E+00	0.00E+00	0.00E+00
0.12245	 12.422	 12.422	1375.37		    0.10	    0.10	4.33E+10	6.39E+10	9.00E+13	9.00E+11	0.00E+00	0.00E+00	0.00E+00
0.14286	 11.395	 11.395	1126.88		    0.10	    0.10	3.49E+10	5.59E+10	9.00E+13	9.00E+11	0.00E+00	0.00E+00	0.00E+00
0.16327	 10.371	 10.371	 916.70		    0.10	    0.10	3.07E+10	4.85E+10	9.00E+13	9.00E+11	0.00E+00	0.00E+00	0.00E+00
0.18367	  9.404	  9.404	 758.11		    0.10	    0.10	2.77E+10	4.23E+10	9.00E+13	9.00E+11	0.00E+00	0.00E+00	0.00E+00
0.20408	  8.552	  8.552	 649.82		    0.10	    0.10	2.46E+10	3.78E+10	9.00E+13	9.00E+11	0.00E+00	0.00E+00	0.00E+00
0.22449	  7.833	  7.833	 581.66		    0.10	    0.10	2.14E+10	3.46E+10	9.00E+13	9.00E+11	0.00E+00	0.00E+00	0.00E+00
0.24490	  7.191	  7.191	 538.81		    0.10	    0.10	1.87E+10	3.22E+10	9.00E+13	9.00E+11	0.00E+00	0.00E+00	0.00E+00
0.26531	  6.552	  6.552	 509.39		    0.10	    0.10	1.63E+10	3.03E+10	9.00E+13	9.00E+11	0.00E+00	0.00E+00	0.00E+00
0.28571	  5.934	  5.934	 492.78		    0.10	    0.10	1.48E+10	2.87E+10	9.00E+13	9.00E+11	0.00E+00	0.00E+00	0.00E+00
0.30612	  5.346	  5.346	 486.78		    0.10	    0.10	1.41E+10	2.72E+10	9.00E+13	9.00E+11	0.00E+00	0.00E+00	0.00E+00
0.32653	  4.796	  4.796	 482.23		    0.10	    0.10	1.34E+10	2.56E+10	9.00E+13	9.00E+11	0.00E+00	0.00E+00	0.00E+00
0.34694	  4.297	  4.297	 476.18		    0.10	    0.10	1.21E+10	2.41E+10	9.00E+13	9.00E+11	0.00E+00	0.00E+00	0.00E+00
0.36735	  3.847	  3.847	 467.79		    0.10	    0.10	1.06E+10	2.26E+10	9.00E+13	9.00E+11	0.00E+00	0.00E+00	0.00E+00
0.38776	  3.445	  3.445	 459.13		    0.10	    0.10	9.43E+09	2.14E+10	9.00E+13	9.00E+11	0.00E+00	0.00E+00	0.00E+00
0.40816	  3.077	  3.077	 450.84		    0.10	    0.10	8.68E+09	2.03E+10	9.00E+13	9.00E+11	0.00E+00	0.00E+00	0.00E+00
0.42857	  2.734	  2.734	 442.20		    0.10	    0.10	8.09E+09	1.93E+10	9.00E+13	9.00E+11	0.00E+00	0.00E+00	0.00E+00
0.44898	  2.412	  2.412	 432.60		    0.10	    0.10	7.43E+09	1.82E+10	9.00E+13	9.00E+11	0.00E+00	0.00E+00	0.00E+00
0.46939	  2.112	  2.112	 421.98		    0.10	    0.10	6.53E+09	1.72E+10	9.00E+13	9.00E+11	0.00E+00	0.00E+00	0.00E+00
0.48980	  1.828	  1.828	 411.25		    0.10	    0.10	5.64E+09	1.62E+10	9.00E+13	9.00E+11	0.00E+00	0.00E+00	0.00E+00
0.51020	  1.559	  1.559	 401.25		    0.10	    0.10	4.92E+09	1.52E+10	9.00E+13	9.00E+11	0.00E+00	0.00E+00	0.00E+00
0.53061	  1.302	  1.302	 392.05		    0.10	    0.10	4.40E+09	1.43E+10	9.00E+13	9.00E+11	0.00E+00	0.00E+00	0.00E+00
0.55102	  1.064	  1.064	 382.67		    0.10	    0.10	3.94E+09	1.34E+10	9.00E+13	9.00E+11	0.00E+00	0.00E+00	0.00E+00
0.57143	  0.843	  0.843	 361.27		    0.10	    0.10	3.43E+09	1.14E+10	9.00E+13	9.00E+11	0.00E+00	0.00E+00	0.00E+00
0.59184	  0.637	  0.637	 339.87		    0.10	    0.10	2.97E+09	9.47E+09	9.00E+13	9.00E+11	0.00E+00	0.00E+00	0.00E+00
0.61224	  0.437	  0.437	 317.32		    0.10	    0.10	2.60E+09	7.60E+09	9.00E+13	9.00E+11	0.00E+00	0.00E+00	0.00E+00
0.63265	  0.240	  0.240	 294.11		    0.10	    0.10	2.30E+09	5.81E+09	9.00E+13	9.00E+11	0.00E+00	0.00E+00	0.00E+00
0.65306	  0.040	  0.040	 271.93		    0.10	    0.10	2.03E+09	4.29E+09	9.00E+13	9.00E+11	0.00E+00	0.00E+00	0.00E+00
0.67347	 -0.173	 -0.173	 256.31		    0.10	    0.10	1.75E+09	3.54E+09	9.00E+13	9.00E+11	0.00E+00	0.00E+00	0.00E+00
0.69388	 -0.407	 -0.407	 239.38		    0.10	    0.10	1.48E+09	2.86E+09	9.00E+13	9.00E+11	0.00E+00	0.00E+00	0.00E+00
0.71429	 -0.680	 -0.680	 222.16		    0.10	    0.10	1.23E+09	2.41E+09	9.00E+13	9.00E+11	0.00E+00	0.00E+00	0.00E+00
0.73469	 -0.999	 -0.999	 202.14		    0.10	    0.10	9.92E+08	2.06E+09	9.00E+13	9.00E+11	0.00E+00	0.00E+00	0.00E+00
0.75510	 -1.321	 -1.321	 180.55		    0.10	    0.10	7.97E+08	1.71E+09	9.00E+13	9.00E+11	0.00E+00	0.00E+00	0.00E+00
0.77551	 -1.623	 -1.623	 157.66		    0.10	    0.10	6.38E+08	1.34E+09	9.00E+13	9.00E+11	0.00E+00	0.00E+00	0.00E+00
0.79592	 -1.884	 -1.884	 135.48		    0.10	    0.10	5.02E+08	1.01E+09	9.00E+13	9.00E+11	0.00E+00	0.00E+00	0.00E+00
0.81633	 -2.086	 -2.086	 112.08		    0.10	    0.10	3.84E+08	7.82E+08	9.00E+13	9.00E+11	0.00E+00	0.00E+00	0.00E+00
0.83673	 -2.164	 -2.164	  94.29		    0.10	    0.10	2.92E+08	6.26E+08	9.00E+13	9.00E+11	0.00E+00	0.00E+00	0.00E+00
0.85714	 -2.176	 -2.176	  78.01		    0.10	    0.10	2.23E+08	4.85E+08	9.00E+13	9.00E+11	0.00E+00	0.00E+00	0.00E+00
0.87755	 -2.155	 -2.155	  64.33		    0.10	    0.10	1.66E+08	3.75E+08	9.00E+13	9.00E+11	0.00E+00	0.00E+00	0.00E+00
0.89796	 -2.103	 -2.103	  53.44		    0.10	    0.10	1.18E+08	2.92E+08	9.00E+13	9.00E+11	0.00E+00	0.00E+00	0.00E+00
0.91837	 -2.018	 -2.018	  44.50		    0.10	    0.10	7.92E+07	2.24E+08	9.00E+13	9.00E+11	0.00E+00	0.00E+00	0.00E+00
0.93878	 -1.897	 -1.897	  36.70		    0.10	    0.10	4.92E+07	1.63E+08	9.00E+13	9.00E+11	0.00E+00	0.00E+00	0.00E+00
0.95918	 -1.724	 -1.724	  26.87		    0.10	    0.10	2.74E+07	1.06E+08	9.00E+13	9.00E+11	0.00E+00	0.00E+00	0.00E+00
0.97959	 -1.508	 -1.508	  21.57		    0.10	    0.10	1.30E+07	6.72E+07	9.00E+13	9.00E+11	0.00E+00	0.00E+00	0.00E+00
1.00000	 -1.242	 -1.242	   5.77		    0.10	    0.10	1.86E+05	1.66E+06	9.00E+13	9.00E+11	0.00E+00	0.00E+00	0.00E+00
